4,支援型莉奧妮絲,1,5
9,支援型依緹爾,1,3
15,第二型蘭瑪洛克,1,4
16,試作型伏提庚,1,10
18,第二型瑪洛斯,1,5
40,制禦型貝蒂維雅,1,3
41,特殊型歐文之獅,1,5
46,第二型亞格拉文,1,6
47,第二型卡爾迪斯,1,6
51,第二型凱爾丹,1,6
52,第二型卡洛格雷南,1,11
54,第二型馬伯納格林,1,9
65,特殊型格林格萊特,1,3
66,教練型凱,1,5
68,第二型伯納德,1,4
73,第二型艾恩賽德,1,7
78,支援型奧爾特莉特,1,4
79,第二型提爾拉蒙,1,6
83,支援型貝莉珊,1,3
85,第二型布魯諾,1,4
87,支援型艾爾莎,1,7
89,第二型梅利甘斯,1,4
100,支援型布蘭奇芙蓉,1,9
105,第二型卡多,1,6
108,第二型佩里諾亞,1,3
119,瑪納南,1,10
126,第二型柏德瑪戈斯,1,6
132,第二型小波爾斯,1,3
139,第二型海琳,1,3
140,特殊型安波羅修,1,11
141,支援型奧爾溫,1,5
390,切爾莉,1,99
8,支援型麗奈特,2,3
12,第二型昂茲雷克,2,5
13,第二型加荷裡斯,2,5
17,第二型艾力克,2,5
19,第二型達瑪斯,2,5
21,特異型奧德修斯,2,7
35,特殊型哥羅亞斯,2,6
42,外敵型潘,2,11
53,支援型洛蒂涅,2,5
69,第二型露甘,2,4
75,第二型戈特弗裡德,2,6
82,支援型布蘭克韋恩,2,6
84,支援型拉格妮爾,2,7
88,第二型哥魯尼曼,2,8
104,第二型加隆,2,4
106,第二型塔奎恩,2,7
124,第二型小狼女烏莉特,2,2
127,第二型吉夫雷斯,2,6
129,第二型格羅馬索瑪姬亞,2,5
130,第二型庫爾威奇,2,3
131,第二型瑪律科,2,5
135,第二型羅恩法爾,2,4
142,第二型蘭索爾,2,3
144,支援型雅格拉瓦丁,2,4
145,特殊型羅艾娜,2,5
181,第二型絲莉特,2,9
182,第二型切利尼,2,7
190,第二型巴基,2,8
208,支援型愛爾蘭,2,8
266,星冠型牛郎星,2,11
279,第二型蒙特爾,2,9
5,第二型崔斯坦,3,7
10,支援型白手伊索德,3,8
11,亞瑟 -劍術之城-,3,7
26,特異型瑪麗,3,10
30,試作型布蘭迪哥利斯,3,10
31,試作型利安斯,3,13
34,第二型貝蘭,3,7
36,預言型梅林,3,8
45,亞瑟 -技巧之場-,3,7
49,支援型律涅特,3,5
50,外敵型波爾斯,3,13
56,特異型維爾薇尤,3,10
60,特異型迪特裡希,3,8
62,特異型赫爾薇兒,3,8
67,試作型尤廉斯,3,8
76,第二型羅恩格林,3,12
81,亞瑟 -魔法之派-,3,7
91,特異型克婁巴特拉,3,13
92,特異型莎樂美,3,11
93,特異型聖日爾曼,3,7
94,特異型聖誕老人,3,9
95,特異型白雪公主,3,7
102,支援型聖杯伊萊恩,3,9
103,第二型艾塔德,3,6
115,杜拉爾汗,3,11
122,露,3,9
137,第二型梅裡奧特,3,11
138,第二型海克特·德·瑪力斯,3,7
143,支援型艾文,3,6
151,佩格帕烏拉,3,10
160,選拔騎士,3,8
179,支援型潘茜,3,11
187,絢爛型黃寶石,3,9
188,第二型絲瓦莉,3,10
191,第二型拉瓦,3,10
192,絢爛型瑪瑙,3,9
194,絢爛型綠松石,3,11
196,支援型透明石膏,3,9
198,第二型皮凱,3,11
200,支援型基安蒂,3,11
202,絢爛型石英,3,13
205,支援型艾吉,3,10
206,第二型法蘭西斯,3,11
227,支援型奧達,3,13
391,超級切爾莉,3,99
857,特異型小狼帽萊昂絲,3,3
257,星冠型天津四,3,13
264,星冠型天鷹座,3,12
217,支援型蘭克,3,13
888,特異型孔鬥士,3,6
889,特異型艾茵絲妲,3,8
2,第二型加雷斯,4,10
3,支援型金髮伊索德,4,9
6,復原型烏瑟,4,19
7,支援型阿斯特拉愛琳,4,10
20,特異型威廉,4,16
22,特異型愷撒,4,10
24,特異型娜傑吉塔,4,16
25,特異型漢尼拔,4,13
29,複製型漁夫王,4,16
32,試作型洛特,4,14
33,第二型庫莉芙蕾特,4,9
37,擄獲型摩高斯,4,9
43,第二型歌爾莉凡絲,4,12
44,第二型歐文,4,10
57,特異型獵戶座,4,13
58,特異型喬治,4,10
61,特異型拿破崙,4,12
64,特異型魯克蕾齊亞,4,10
70,擄獲型魔女伊萊恩,4,8
80,第二型貝琳,4,12
86,支援型艾妮多,4,11
90,特異型安托瓦內特,4,9
98,特異型甲斐姬,4,14
99,特異型卑彌呼,4,10
107,第二型珀西瓦爾,4,13
109,統禦型桂妮薇兒,4,9
125,外敵型盧西烏斯,4,14
134,支援型格妮妲,4,12
136,第二型佩里亞絲,4,10
150,雪麗柯特,4,12
154,芙卡,4,9
155,匹克西,4,17
158,綠之騎士,4,11
176,支援型糖妹,4,9
177,支援型芙瓦妮塔,4,13
178,支援型提妮亞,4,13
184,絢爛型鑽石,4,15
185,絢爛型石榴石,4,13
186,絢爛型藍寶石,4,14
189,支援型紅玉髓,4,14
199,第二型杜提,4,14
201,支援型梅爾特,4,14
203,絢爛型電氣石,4,14
204,絢爛型紅寶石,4,14
207,支援型尤妮亞,4,13
218,支援型羅莎莉亞,4,15
306,支援型克洛希絲,4,20
865,第二型蘇西安蒂,4,8
255,星冠型天鵝座,4,16
274,星冠型天蠍座,4,15
275,星冠型軍市一,4,15
276,星冠型心宿二,4,16
271,第二型妮絲,4,11
289,炎夏型摩高斯,4,16
300,炎夏型伊萊恩,4,18
308,炎夏型加拉哈德,4,19
309,炎夏型摩根,4,17
328,支援型艾菲多娜,4,11
302,支援型西雅提,4,13
903,異界型米蘭達,4,10
460,第二型弄蜂,4,15
882,第二型路法,4,10
604,異界型禁書目錄&美琴,4,17
1,第一型蘭斯洛特,5,19
27,特異型羅賓漢,5,13
28,特異型阿倍晴明,5,15
38,第一型高文,5,16
48,第二型迪拿丹,5,14
55,特異型伊卡洛斯,5,16
59,特異型貞德,5,18
63,特異型帕爾修斯,5,17
72,第一型加拉哈德,5,15
77,歸化型妮妙,5,14
96,特異型達芬奇,5,16
110,擄獲型摩根,5,20
111,複製型艾兒,5,9
112,凱特西,5,14
113,凱爾皮,5,17
116,樹妖,5,16
117,複製型菲,5,10
118,美人魚,5,14
120,複製型莉芙,5,11
121,莉瓦亞珊,5,13
123,蕾普菈荷,5,12
128,第二型索爾,5,14
146,藍帽子,5,16
149,希爾奇,5,19
156,姆莉安,5,18
159,異界的女王,5,14
171,共鳴型西西拉拉·幻影火焰,5,8
172,共鳴型西西拉拉·純潔之心,5,7
173,共鳴型西西拉拉·巴比倫劍,5,6
175,第二型橄欖石,5,15
180,支援型詩多蓮,5,14
183,特異型須佐之男,5,12
197,支援型羅梭菲亞,5,16
210,拉蒂,5,15
211,特異型寧寧,5,12
212,特異型尼祿,5,12
213,第二型拉比,5,11
214,第二型斯拉普斯,5,8
221,第二型卡特萊,5,17
222,第二型莎拉菲亞,5,15
224,西西莉亞,5,13
225,艾蕾娜,5,16
226,第二型修伯克,5,15
228,第二型米諾亞爾,5,14
261,支援型利克雷特,5,25
262,第二型艾蓮,5,14
272,支援型黃蝶,5,8
286,第二型迪雅娜,5,23
313,第二型莉芙爾,5,15
315,第二型艾莉奧莎,5,14
324,第二型傲菟,5,9
393,擄獲型摩根最終形態,5,14
398,異界型雫,5,25
852,姫憂型甄嬛,5,16
853,姫憂型華妃,5,15
854,第二型莎奈莉,5,16
855,第二型金魚姬,5,17
856,特異型牧羊女雪酪,5,20
859,空戰型碧兒蕾,5,18
860,空戰型德萊姆,5,20
861,空戰型蘇珊·法蘭克,5,15
862,空戰型蔣涵翔,5,16
863,空戰型李梅,5,17
864,天界型天緋,5,18
148,莉婭南茜,5,14
157,塔爾威斯提格,5,15
256,星冠型天琴座,5,18
258,星冠型織女星,5,25
265,星冠型處女座,5,19
277,星冠型天狼星,5,25
278,星杖型仙女座,5,23
285,格莉,5,18
394,異界型 結,5,27
395,異界型甜甜圈貓,5,22
867,陸戰型坦格兒,5,14
868,陸戰型瑪莉亞,5,16
869,陸戰型璐璐．卡爾,5,17
870,陸戰型米娜,5,15
294,第二型露普特,5,19
871,特殊型鶯歌,5,16
872,特殊型艾莉克希亞,5,13
273,支援型拉格夏,5,10
287,第二型蘿恩,5,16
336,第二型阿爾卡萊德,5,18
392,究極切爾莉,5,99
873,可羅妮·改,5,20
874,涅扣兒,5,16
875,幻獸型奇坦兒,5,18
877,幻獸型月兔,5,14
878,幻獸型夢魔亞,5,17
879,支援型箬葉,5,19
405,庫魯敏,5,16
548,幻獸型天馬,5,14
880,支援型艾香,5,16
883,幻獸型雅妮兒,5,15
885,支援型瑟彤,5,13
886,特殊型劍帝,5,17
299,炎夏型莉芙,5,19
307,炎夏型艾兒,5,18
311,炎夏型桂妮薇兒,5,16
388,異界型伊格納德,5,16
389,異界型艾洛蒂,5,16
442,霜線,5,15
569,異界型詩音,5,13
887,特殊型西維亞,5,11
890,古亞加．改,5,19
891,異界型筱嵐,5,19
892,異界型華翎,5,20
893,炎夏型絲麥茵,5,17
894,特異型莉可,5,12
895,特殊型味自慢,5,26
896,炎夏型菲米娜,5,17
458,姫憂型南丁格爾,5,18
506,第二型比,5,17
899,伊蒂歐姆．改,5,20
900,炎夏型招弟,5,13
901,異界型米莉亞,5,15
902,異界型芙琉,5,13
905,春香,5,17
906,炎夏型夏馡,5,17
907,炎夏型莉絲特,5,15
908,葛莉特,5,14
909,雪風,5,21
345,第二型多米南,5,16
386,異界型基里爾,5,13
387,異界型 禦堂結,5,11
916,時崎狂三,5,21
917,四糸乃,5,16
918,夜刀神十香,5,15
920,異界型鳶一折紙,5,19
921,小小狂三,5,9
922,小小四糸乃,5,8
923,小小十香,5,10
924,小小琴里,5,12
925,小小折紙,5,11
926,異界型奈芙,5,13
365,第二型伊阿喬,5,20
440,溫特莉,5,23
446,姫憂型茶茶,5,18
469,姫憂型伊莉莎白,5,13
927,異界型碎冥,5,15
929,炎夏型玻妮,5,15
930,炎夏型摩莉絲,5,16
931,炎夏型杜兒芬,5,18
932,娜米兔,5,22
933,異界型裂風,5,18
319,學徒型橄欖石,5,20
320,學徒型瑪麗,5,14
329,學徒型海克特·德·瑪力斯,5,16
330,學徒型格妮妲,5,23
341,學徒型克雷雅,5,14
937,教練型家教理恩,5,21
938,教練型歷史希羅,5,15
939,教練型數理緹勒絲,5,17
940,教練型希波可護士,5,19
941,教練型凱蜜教官,5,16
942,教練型雅熙主任,5,18
943,林校長,5,20
944,學徒型小兔,5,11
945,學徒型神崎千鶴,5,17
947,學徒型五河士道,5,18
948,學徒型鳶一折紙,5,16
223,波寇,5,16
612,異界型禁書目錄-起床時-,5,21
884,特殊型白薔薇姬,5,18
23,特異型希格露恩,6,17
39,第一型莫德雷德,6,19
71,王位型君士坦丁,6,20
97,特異型小灰人,6,20
101,支援型克雷雅,6,14
174,覺醒型西西拉拉·超載,6,11
193,絢爛型青金石,6,20
220,第二型弗洛倫斯,6,21
850,複製型托勒密,6,19
858,空戰型佩芬．道尼爾,6,19
267,星冠型角宿一,6,27
866,陸戰型法萊提斯,6,26
318,支援型緹斯特,6,23
288,炎夏型菲,6,22
298,炎夏型亞瑟-技巧之場-,6,25
310,炎夏型妮妙,6,23
897,炎夏型華妃,6,18
898,炎夏型和泉姬,6,16
904,香霍斯特,6,20
910,炎夏型金魚姬,6,20
911,炎夏型可可娜,6,20
912,異界型時崎狂三,6,24
913,異界型夜刀神十香,6,18
914,異界型五河琴里,6,20
915,異界型四糸乃,6,21
466,姫憂型輝夜,6,28
209,第二型費奧納雷,6,20
447,姫憂型普媞卡,6,26
593,感謝型妮妙,6,12
936,學徒型時崎狂三,6,22
339,學徒型卑彌呼,6,23
407,學徒型尼卡爾,6,18
946,學徒型五河琴里,6,22
613,異界型御坂美琴&妹達,6,23
620,異界型美琴&黑子-灰村清孝ver-,6,26
