4,支援型莉奥妮丝,1,5
9,支援型依缇尔,1,3
15,第二型兰玛洛克,1,4
16,试作型伏提庚,1,10
18,第二型玛洛斯,1,5
40,制御型贝德维尔,1,3
41,特殊型尤文之狮,1,5
46,第二型亚格拉文,1,6
47,第二型卡尔迪斯,1,6
51,第二型凯尔丹,1,6
52,第二型卡洛格雷南,1,11
54,第二型马伯纳格林,1,9
65,特殊型格林格莱特,1,3
66,教练型凯,1,5
68,第二型伯纳德,1,4
73,第二型艾恩赛德,1,7
78,支援型奥尔特莉特,1,4
79,第二型提尔拉蒙,1,6
83,支援型贝莉珊,1,3
85,第二型布鲁诺,1,4
87,支援型艾尔莎,1,7
89,第二型梅利甘斯,1,4
100,支援型布兰奇芙蓉,1,9
105,第二型卡多,1,6
108,第二型佩里诺亚,1,3
119,玛纳南,1,10
126,第二型柏德玛戈斯,1,6
132,第二型小波尔斯,1,3
139,第二型海琳,1,3
140,特殊型安波罗修,1,11
141,支援型奥尔温,1,5
282,支援型点心缇,1,5
283,第二型季斯摩,1,3
390,切尔莉,1,99
8,支援型丽奈特,2,3
12,第二型昂兹雷克,2,5
13,第二型加荷里斯,2,5
17,第二型艾力克,2,5
19,第二型达玛斯,2,5
21,特异型奥德修斯,2,7
35,特殊型哥罗亚斯,2,6
42,外敌型本,2,11
53,支援型洛蒂涅,2,5
69,第二型路坎,2,4
75,第二型戈特弗里德,2,6
82,支援型布兰克韦恩,2,6
84,支援型拉格妮尔,2,7
88,第二型哥鲁尼曼,2,8
104,第二型加隆,2,4
106,第二型塔奎恩,2,7
124,第二型毕斯克拉乌莉特,2,2
127,第二型吉夫雷斯,2,6
129,第二型格罗马索玛吉亚,2,5
130,第二型库尔威奇,2,3
131,第二型马尔科,2,5
135,第二型罗恩法尔,2,4
142,第二型兰索尔,2,3
144,支援型雅格拉瓦丁,2,4
145,特殊型罗艾娜,2,5
181,第二型丝莉特,2,9
182,第二型切利尼,2,7
190,第二型巴基,2,8
208,支援型爱尔兰,2,8
215,支援型乔治,2,9
263,支援型普露法,2,6
279,第二型蒙特尔,2,9
266,星冠型牛郎星,2,11
5,第二型崔斯坦,3,7
10,支援型白手伊索德,3,8
11,亚瑟 -剑术之城-,3,7
26,特异型玛丽,3,10
30,试作型布兰迪哥利斯,3,10
31,试作型利安斯,3,13
34,第二型贝兰,3,7
36,预言型梅林,3,8
45,亚瑟 -技巧之场-,3,7
49,支援型律涅特,3,5
50,外敌型波尔斯,3,13
56,特异型维尔薇尤,3,10
60,特异型迪特里希,3,8
62,特异型黑沃尔,3,8
67,试作型尤廉斯,3,8
76,第二型罗恩格林,3,12
81,亚瑟 -魔法之派-,3,7
91,特异型克娄巴特拉,3,13
92,特异型莎乐美,3,11
93,特异型圣日耳曼,3,7
94,特异型圣诞老人,3,9
95,特异型白雪公主,3,7
102,支援型圣杯伊莱恩,3,9
103,第二型艾塔德,3,6
115,杜拉尔汗,3,11
122,露,3,9
137,第二型梅里奥特,3,11
138,第二型海克特·德·玛力斯,3,7
143,支援型艾文,3,6
151,佩格帕乌拉,3,10
160,选拔骑士,3,8
179,支援型潘茜,3,11
188,第二型丝瓦莉,3,10
191,第二型拉瓦,3,10
198,第二型皮凯,3,11
200,支援型基安蒂,3,11
205,支援型艾吉,3,10
206,第二型弗朗西斯,3,11
217,支援型兰克,3,13
227,支援型奥达,3,13
260,第二型李尔德,3,6
270,第二型凡克,3,11
290,支援型凯亚,3,11
323,支援型摩洛佐夫,3,8
327,第二型蕾克香,3,9
391,超级切尔莉,3,99
264,星冠型天鹰座,3,12
2,第二型加雷斯,4,10
3,支援型金发伊索德,4,9
6,复原型乌瑟,4,19
7,支援型阿斯特拉艾琳,4,10
20,特异型威廉,4,16
22,特异型恺撒,4,10
24,特异型纳杰吉塔,4,16
25,特异型汉尼拔,4,13
29,复制型渔夫王,4,16
32,试作型洛特,4,14
33,第二型格里弗雷特,4,9
37,虏获型摩高斯,4,9
43,第二型柯尔格利万斯,4,12
44,第二型尤文,4,10
57,特异型猎户座,4,13
58,特异型乔治,4,10
61,特异型拿破仑,4,12
64,特异型鲁克蕾齐亚,4,10
70,虏获型魔女伊莱恩,4,8
80,第二型贝琳,4,12
86,支援型艾妮多,4,11
90,特异型安托瓦内特,4,9
98,特异型甲斐姬,4,14
99,特异型卑弥呼,4,10
107,第二型珀西瓦尔,4,13
109,统御型桂妮薇儿,4,9
125,外敌型卢西乌斯,4,14
134,支援型格妮妲,4,12
136,第二型佩里亚丝,4,10
147,斯普林甘,4,11
150,雪莉柯特,4,12
155,匹克西,4,17
158,绿之骑士,4,11
176,支援型甜心,4,9
177,支援型芙瓦妮塔,4,13
178,支援型提妮亚,4,13
199,第二型杜提,4,14
201,支援型梅尔特,4,14
207,支援型尤妮亚,4,13
216,支援型艾多尔利亚,4,16
218,支援型罗萨莉亚,4,15
219,支援型乌妮莉,4,14
268,支援型伊利亚斯,4,11
271,第二型妮丝,4,11
280,支援型索菲德,4,16
281,教练型斯巴达,4,12
289,炎夏型摩高斯,4,16
300,炎夏型伊莱恩,4,18
306,支援型克罗基思,4,20
308,炎夏型加拉哈德,4,19
309,炎夏型摩根,4,17
320,学徒型玛丽,4,17
341,学徒型克莱尔,4,11
351,学徒型夏娘,4,16
362,魔装型高文,4,12
367,支援型阿尔凯,4,18
407,学徒型尼卡尔,4,13
615,炎夏型艾丽菲尔,4,14
631,学徒型阿瑞尔,4,20
635,学徒型塔奇敏,4,12
670,魔装型诺蕾,4,15
275,星冠型军市一,4,15
276,星冠型心宿二,4,16
411,圣典型米迦勒,4,12
412,堕天型路西法,4,13
1,第一型兰斯洛特,5,19
27,特异型罗宾汉,5,13
28,特异型阿倍晴明,5,15
38,第一型高文,5,16
48,第二型迪拿丹,5,14
59,特异型贞德,5,18
63,特异型帕尔修斯,5,17
72,第一型加拉哈德,5,15
77,归化型妮妙,5,14
96,特异型达芬奇,5,16
110,虏获型摩根,5,20
111,复制型艾尔,5,9
112,凯特西,5,14
113,凯尔皮,5,17
114,塔姆琳,5,20
116,树妖,5,16
117,复制型菲,5,10
118,美人鱼,5,14
120,复制型莉芙,5,11
121,莉瓦亚珊,5,13
123,蕾普菈荷,5,12
128,第二型索尔,5,14
146,蓝帽子,5,19
148,莉娅南希,5,14
149,希尔奇,5,19
153,古亚加,5,23
154,普卡,5,9
156,姆莉安,5,18
157,塔尔威斯提格,5,15
159,异界的女王,5,14
175,第二型橄榄石,5,15
180,支援型诗多莲,5,14
197,支援型罗索菲亚,5,16
223,波寇,5,16
224,西西莉亚,5,13
262,第二型艾伦,5,14
269,第二型亚琪奈,5,15
287,第二型罗恩,5,16
299,炎夏型莉芙,5,22
307,炎夏型艾尔,5,21
311,炎夏型桂妮薇儿,5,20
319,学徒型橄榄石,5,20
329,学徒型海克特·德·玛力斯,5,16
330,学徒型格妮妲,5,23
353,魔装型兰斯洛特,5,16
355,魔装型罗宾汉,5,20
363,魔装型莫德雷德,5,20
373,魔装型罗恩格林,5,16
374,魔装型君士坦丁,5,16
392,究极切尔莉,5,99
395,异界型甜甜圈猫,5,22
405,库鲁敏,5,16
548,幻兽型天马,5,14
600,特异型小龙女,5,14
601,特异型太乙真人,5,15
603,特异型杨过,5,16
604,幻兽型梦魔亚,5,17
605,幻兽型月兔,5,14
607,第二型骨姬,5,16
608,特异型杨过小龙女,5,19
609,炎夏型丝麦茵,5,17
610,炎夏型琪妮安,5,19
611,炎夏型布露丹,5,15
612,炎夏型莉卡纳,5,18
613,炎夏型诺蕾,5,16
616,学徒型波比,5,14
617,学徒型莉莉妮特,5,18
618,学徒型奥莉薇尔,5,16
620,学徒型德斯菲亚,5,17
621,学徒型菲妮斯,5,15
622,学徒型希绘美,5,14
623,学徒型小龙女,5,18
624,学徒型聂可儿,5,17
625,学徒型茜丝莉莉,5,18
626,学徒型薇缇·莉安娜,5,18
627,学徒型菈婕娅,5,18
628,学徒型柯莉·弗罗娜,5,21
632,学徒型莫比尔菲,5,16
633,学徒型赫嘉,5,19
634,学徒型阿瓦娜,5,16
636,学徒型德斯迪奥,5,17
638,学徒型月宫久理,5,15
639,幻兽型拉妮娅,5,18
640,小小狂三,5,17
641,小小四糸乃,5,17
642,小小十香,5,16
643,小小琴里,5,16
644,小小折纸,5,16
648,异界型时崎狂三,5,19
649,异界型夜刀神十香,5,19
650,四糸乃,5,18
653,时崎狂三,5,16
654,异界型五河琴里,5,16
656,异界型五河士道,5,17
657,异界型鸢一折纸,5,17
658,异界型御坂美琴 -电击解放-,5,17
660,异界型御坂妹妹,5,19
662,异界型茵蒂克丝 -起床时-,5,20
663,异界型御坂美琴 -电击使-,5,16
664,异界型神裂火织,5,16
665,异界型御坂美琴 -黑子的偷拍-,5,18
666,异界型茵蒂克丝,5,18
667,异界型 当麻&茵蒂克丝&美琴,5,17
668,魔装型雷诺&妮诺,5,19
669,魔装型艾露卡,5,20
671,魔装型琪拉莉丝,5,18
672,魔装型奥莲,5,17
444,逆行型梅林,5,12
482,华恋型洛特,5,16
483,华恋型乌瑟,5,17
491,华恋型莫德雷德,5,20
492,华恋型尤廉斯,5,19
502,华恋型安托瓦内特,5,18
255,星冠型天鹅座,5,19
256,星冠型天琴座,5,16
257,星冠型天津四,5,18
265,星冠型处女座,5,16
277,星冠型天狼星,5,13
278,星杖型仙女座,5,17
426,第二型科罗旺,5,18
742,支援型可咪妮,5,18
213,第二型史提戴鲁,5,18
410,圣典型拉斐尔,5,17
413,堕天型贝尔芬格,5,17
415,支援型敏德尔,5,18
420,圣典型乌列尔,5,17
421,堕天型别西卜,5,19
423,堕天型利维坦,5,17
432,堕天型阿斯摩太,5,19
443,第二型圣,5,16
674,特异型苏菲,5,19
675,特异型艾琳娜,5,15
460,第二型赛赛里,5,18
676,纯白型小龙女,5,19
677,纯白型德斯菲亚,5,19
678,纯白型琪妮安,5,16
679,纯白型诺雷,5,16
680,纯白型维多利亚,5,17
681,纯白型格雷塔米瑞,5,18
682,特异型哈瓦库斯琪,5,18
759,纯白型丝宁,5,17
761,纯白型桂妮薇儿,5,19
23,特异型希格露恩,6,17
39,第一型莫德雷德,6,19
71,王位型君士坦丁,6,20
97,特异型小灰人,6,20
101,支援型克莱尔,6,14
152,格拉盖丝安努恩,6,15
288,炎夏型菲,6,24
298,炎夏型亚瑟 -技巧之场-,6,25
310,炎夏型妮妙,6,23
321,学徒型加雷斯,6,25
339,学徒型卑弥呼,6,23
340,学徒型艾妮多,6,21
352,魔装型亚瑟 -剑术之城-,6,25
354,魔装型毕斯克拉乌莉特,6,24
364,魔装型提妮亚,6,23
372,魔装型亚瑟 -魔法之派-,6,22
404,极限突破切尔莉,6,99
602,第一型塞拉利昂,6,18
606,特异型天山童姥,6,18
614,炎夏型塞拉利昂,6,25
619,学徒型佩罗妮,6,20
629,学徒型玛蒂莎,6,22
630,学徒型琪妮安,6,22
645,异界型时崎狂三·灵装,6,26
646,异界型夜刀神十香·灵装解除,6,25
647,异界型四糸乃,6,24
659,异界型御坂美琴&御坂妹妹,6,25
661,异界型御坂美琴 -体操服ver.-,6,26
445,转换型梅林,6,27
259,星杖型托勒密,6,26
267,星冠型角宿一,6,27
749,支援型凯洛琳,6,26
422,堕天型撒旦,6,25
430,圣典型加百列,6,25
577,第二型索菲昂,6,24
578,虚无型永恒烈焰,6,26
754,纯白型毕斯克拉乌莉特,6,25
755,纯白型妮妙,6,26
